398
3833
4836
4572
636
2545
1161
2230
148
2530
4070
1261
4682
333
906
3170
483
2825
1778
2466
159
1563
402
4258
4775
1095
3054
4268
3711
453
4085
3861
4390
1902
2412
1362
3777
3589
3897
3411
3635
2550
4643
1571
608
2172
675
4175
376
3009
3901
3740
134
1654
1875
4344
533
4763
2219
2876
2111
933
2636
3048
4394
464
2048
2796
4523
2036
381
3936
862
3696
567
1281
1002
138
3625
3222
2886
308
3528
304
1270
817
1098
1329
1965
3583
3014
690
4178
502
291
2929
2814
4214
2831
1139
949
1379
4787
4102
891
3774
3682
1526
4185
1835
113
4257
3594
1465
1450
2513
4284
3812
4371
2587
2027
4315
1470
4348
4544
3846
214
2465
4834
1351
678
4863
3052
939
520
3650
1974
4467
2154
3288
2216
142
3488
4130
2329
1702
4120
3733
3865
3443
405
3655
4169
4150
298
735
4672
2370
42
4244
624
4583
3595
666
1793
3001
4995
4612
4445
1109
2247
4248
4137
562
2452
2707
3830
2782
4170
1680
1122
49
1091
137
3098
302
3362
12
4540
2631
4098
4694
130
1141
30
2776
4506
1803
4363
977
871
3794
3270
202
2038
575
4030
2445
3801
1511
3554
2951
2864
3881
704
4463
125
3580
2378
154
4837
3380
2030
3464
601
1237
3348
98
3993
1490
3577
39
3416
1741
4872
348
2531
72
867
812
4345
3664
4323
1185
4843
3201
3507
1670
4468
1343
491
495
2091
3779
3239
3575
3539
2816
4847
2616
3606
4171
1658
1772
4580
1852
499
1544
4452
849
2807
2686
4328
2640
3634
2118
716
158
4166
1005
124
4204
4121
3177
2232
2939
530
776
4391
2239
3453
2815
3217
918
1328
446
4953
1377
3899
1259
4844
3743
842
3866
3731
241
2839
2985
4979
771
3824
3876
1011
843
4700
1545
192
3735
2872
1338
3343
2517
3689
3354
380
29
4243
3672
3771
1051
534
1267
3274
4533
3503
4510
2947
1116
1969
4283
3307
4617
3923
4522
2658
1115
3892
2731
1949
4529
4961
3970
1765
347
4613
3188
2590
3845
4441
1419
1800
1399
1705
661
1977
4982
4379
4594
1428
4727
4932
1620
3859
2417
942
4610
3152
2087
2166
3089
489
4963
1839
4602
4581
3317
2519
4074
1114
2744
349
4287
1991
3342
3141
1012
352
896
799
2455
4474
2788
1957
2473
639
1487
3161
2812
2592
3566
1082
4256
2383
531
541
4902
825
3088
4413
1738
2701
314
4830
2848
2214
1387
2201
2630
3326
1366
2049
394
4667
3315
2315
2311
2849
3233
1367
1246
3608
4429
2177
4398
4173
4954
1934
4409
2070
727
2379
2075
3199
3864
487
4624
780
3891
3341
3563
3228
218
4912
44
683
311
3438
2840
2182
3425
31
1418
1749
1108
3839
1567
4590
1022
2263
452
4899
2611
282
651
4046
1326
1176
2500
582
2875
2982
4213
4596
1393
3390
1928
4366
3550
2189
3480
3871
4299
4719
3195
1922
1075
751
463
4076
725
4785
2108
2164
3961
2752
245
1085
4731
4156
2942
3103
2769
4304
2838
4225
4347
2626
1712
599
1014
3699
500
1480
3247
4711
3631
578
2131
4928
2523
3320
873
556
2457
2779
2667
1065
470
3959
2879
3889
2217
1330
34
4134
3196
4952
895
4942
2959
2400
1160
3435
2553
4500
104
3712
3151
2808
4911
1358
1921
3925
2394
2926
1531
634
3303
95
4586
1119
4929
1223
2527
1491
883
2664
415
4080
2625
3814
224
2992
1586
1783
3673
3174
3281
2533
2716
2062
2494
3253
3129
965
269
861
3624
3932
2332
507
1912
4251
2284
117
1349
1551
2013
3872
170
383
2703
4577
1894
773
4235
3994
4104
4295
4094
2350
2364
3021
2702
4146
1666
3654
1946
1675
962
4012
1319
619
1906
872
223
3010
2944
1525
584
2727
4160
866
4674
496
831
2149
189
173
4976
4367
2762
4458
2104
3318
1787
3414
2470
4346
4568
3002
4239
1995
628
4562
410
1710
2854
1916
1475
2612
3061
1997
1309
3976
2980
2692
4208
1371
1522
4062
3450
4783
1652
220
2382
2758
2655
1625
3562
1564
2781
1879
4815
2924
3535
3776
3600
4885
1824
1423
33
2819
379
517
864
1001
3621
481
3739
3640
1087
1042
3428
4286
4563
162
2907
2909
3807
45
731
2459
4817
4546
3506
2768
2601
1986
4592
1299
2347
2678
3173
2714
3684
3213
1669
2644
4202
3620
2794
2994
2231
548
2617
1495
1084
2672
1203
3169
3651
976
4718
2365
1752
4427
629
1774
4582
4007
2228
2372
1411
3426
1754
910
3023
4656
3135
1437
4471
3758
4356
3360
1239
3803
538
2620
613
2889
3206
4828
1519
543
4531
3035
1590
1250
1643
4738
1180
991
806
4576
2803
4806
3312
1003
882
2974
1951
2493
4634
668
1043
4499
2358
4481
2946
2730
4478
2778
4003
3230
3710
4113
2682
4096
135
4933
526
2255
1657
979
641
2102
3985
1892
2764
2565
4334
2600
1521
3847
1507
4002
4918
1431
2510
4475
1831
4569
70
1224
728
3046
1530
3906
2726
2605
472
4644
660
57
2034
1412
4217
246
3184
1789
3166
1275
1478
271
898
3357
2293
294
4095
3548
4642
4938
2923
195
514
3072
4559
971
3429
1172
4875
406
1784
32
2307
854
4537
4269
4266
2100
1695
2917
3617
2088
2351
4008
2250
2777
521
4695
4520
4756
378
1385
4457
2905
3500
1389
3364
9
1013
1499
1066
3701
1569
4052
4302
1688
3118
1461
2676
253
4650
3700
1697
1430
1870
720
938
122
4866
2483
1069
829
87
3934
528
2809
2453
2024
161
4840
1248
545
1596
1460
3957
3240
4664
263
2618
1853
3791
878
1540
1960
890
852
4879
3848
4073
1368
1414
847
1819
684
396
2866
2011
3053
3407
401
1606
1262
1529
1850
2501
4638
3704
559
4115
2805
3873
1391
4228
2367
788
1452
3265
2913
3275
775
217
1245
4316
4619
1363
630
3572
4124
4101
1881
1482
156
1196
2824
3283
3809
3908
2006
4740
2490
4139
22
4196
4054
2799
3578
4722
4372
3376
3662
4716
3780
1715
2377
3805
4993
3755
1900
4881
2112
326
252
1290
3355
2137
2439
4114
1448
2200
167
1940
844
4172
1509
2976
2829
4483
888
4530
4842
3565
4630
2337
1708
1177
4502
1958
581
3144
3785
3051
3707
4111
2065
1996
4654
4203
2755
2719
2069
4916
2619
3518
980
2606
2491
1533
3697
3920
3099
2991
2285
4628
1891
1814
230
4709
283
1696
2915
2666
3484
4018
4743
4200
3659
4083
3245
2212
4223
88
4388
2303
1380
1556
4277
648
1632
1298
995
1420
3570
4925
1118
2983
2224
3761
3576
667
1706
4300
1829
3680
1272
2407
2647
4960
2196
900
1979
3194
4016
2615
3910
1332
1505
2373
1364
2106
1104
325
345
4512
1750
23
1
2873
3493
708
3350
4922
4013
555
1766
4692
2160
4199
4159
2345
4945
2044
2260
1327
4761
3434
982
1855
4717
1410
4215
4712
927
3335
1790
480
2954
2223
803
2724
536
2243
3388
3025
4396
4194
3473
3156
2447
2275
3491
4770
4939
4349
4418
1953
4748
4411
638
185
3381
2888
680
2124
4132
3432
485
4955
4072
1761
4802
4143
1220
3332
4118
462
3162
3628
4093
2140
4848
3956
2188
1826
553
2828
4181
1767
3119
3481
2487
4796
286
465
2670
37
3081
2287
4154
4820
1202
3759
622
4365
1457
2058
2078
1536
1642
2215
2863
3349
3374
4689
3287
3687
408
4753
1376
1077
1515
1926
4708
2669
4598
1256
429
4894
3058
2033
3482
2338
4231
1127
2962
1489
2718
2953
917
1432
3008
2958
1163
1999
4560
3983
4940
85
4501
248
519
2743
4065
712
1277
4400
1662
3637
3065
809
2381
3519
501
3229
227
2125
3477
3180
1068
3095
1651
2736
620
621
4446
2012
3286
3305
4157
3319
2081
748
1763
4292
4547
685
4240
4079
221
1433
203
1009
36
4161
4326
4313
3569
3585
1992
1271
1021
2397
4144
1726
1232
4791
1474
2460
576
836
1722
4298
3986
569
2865
2278
1622
182
382
4493
3238
3804
1615
4237
706
1888
4686
1736
206
1759
384
2753
2134
1755
4168
3311
457
4036
3289
3629
2306
3905
2150
2016
4183
663
2635
3392
1547
3553
2339
1692
1471
768
3235
3967
4209
2076
3371
3086
1861
1813
1640
4936
3561
3108
4495
841
4989
1815
4490
3648
3517
3726
3783
4659
857
2009
2795
1303
925
2846
1771
1742
3987
2175
1422
4551
2585
4188
4399
3082
2472
3960
1497
1889
1273
1288
4165
1834
4440
3077
3887
4744
2878
4691
687
1907
3226
3267
3011
3996
2574
2281
527
3282
1230
2971
4460
1867
2748
794
2165
3489
1493
1982
1804
4005
4179
3236
2760
853
787
3963
4386
4609
1523
1718
2324
1324
546
615
369
4554
4807
1073
2906
1357
